#NDIM
2 
#PRIM
1.0 0.0 0.0
0.0 1.0 0.0
0.0 0.0 6.0
#SUPER
NCELL 0
0 NCELL
#ORB
s0  0.0d0  0.0d0  0.0d0 # f2
s1  0.0d0  0.0d0  1.0d0 # c2
s2  0.0d0  0.0d0  2.0d0 # f1
s3  0.0d0  0.0d0  3.0d0 # c1
s4  0.0d0  0.0d0  4.0d0 # f1
s5  0.0d0  0.0d0  5.0d0 # c2
#HAMILT
1 1   1.0 0.0 0.0   1.0  1.0  0.0
1 1   0.0 1.0 0.0   1.0  1.0  0.0
3 3   1.0 0.0 0.0   1.0  1.0  0.0
3 3   0.0 1.0 0.0   1.0  1.0  0.0
5 5   1.0 0.0 0.0   1.0  1.0  0.0
5 5   0.0 1.0 0.0   1.0  1.0  0.0
0 1   0.0 0.0 1.0   V2val V2val 0.0
1 2   0.0 0.0 1.0   V12val V12val 0.0
2 3   0.0 0.0 1.0   V1val V1val 0.0
3 4   0.0 0.0 1.0   V1val V1val 0.0
4 5   0.0 0.0 1.0   V12val V12val 0.0
0 5   0.0 0.0 5.0   V2val V2val 0.0  # c2-f2 hop
0 0   0.0 0.0 0.0   0.0  0.0  U2val
1 1   0.0 0.0 0.0   0.0  0.0  0.0
2 2   0.0 0.0 0.0   0.0  0.0  U1val
3 3   0.0 0.0 0.0   0.0  0.0  0.0
4 4   0.0 0.0 0.0   0.0  0.0  U1val
5 5   0.0 0.0 0.0   0.0  0.0  0.0
#SYMM
d  0.0d0 0.0d0 0.0d0 1.0d0 0.0d0 0.d0
d  0.0d0 0.0d0 0.0d0 0.0d0 1.0d0 0.d0
d  0.0d0 0.0d0 1.0d0 1.0d0 0.0d0 0.d0
d  0.0d0 0.0d0 1.0d0 0.0d0 1.0d0 0.d0
d  0.0d0 0.0d0 2.0d0 1.0d0 0.0d0 0.d0
d  0.0d0 0.0d0 2.0d0 0.0d0 1.0d0 0.d0
d  0.0d0 0.0d0 3.0d0 1.0d0 0.0d0 0.d0
d  0.0d0 0.0d0 3.0d0 0.0d0 1.0d0 0.d0
d  0.0d0 0.0d0 4.0d0 1.0d0 0.0d0 0.d0
d  0.0d0 0.0d0 4.0d0 0.0d0 1.0d0 0.d0
d  0.0d0 0.0d0 5.0d0 1.0d0 0.0d0 0.d0
d  0.0d0 0.0d0 5.0d0 0.0d0 1.0d0 0.d0
d  0.0d0 0.0d0 3.0d0 0.0d0 0.0d0 1.d0 # sym over c1 orb
d  0.0d0 0.0d0 3.0d0 0.0d0 0.0d0 2.d0
c4 0.0d0 0.0d0 0.0d0 0.0d0 0.0d0 1.d0
c4 0.0d0 0.0d0 1.0d0 0.0d0 0.0d0 1.d0
c4 0.0d0 0.0d0 2.0d0 0.0d0 0.0d0 1.d0
c4 0.0d0 0.0d0 3.0d0 0.0d0 0.0d0 1.d0
c4 0.0d0 0.0d0 4.0d0 0.0d0 0.0d0 1.d0
c4 0.0d0 0.0d0 5.0d0 0.0d0 0.0d0 1.d0
#bcond = boundary conditions: 0 is periodic 1 is antiperiodic
bcond  = 0,0
#END

